Time__sec,Weight__g,Flow__mLPmin,FlowsensorError_Air,FlowsensorError_Overflow
0.0,750.53,-2.1,1,0
0.092688,752.97,-2.15,1,0
0.1973,751.73,-2.1,1,0
0.297623,750.95,-2.1,1,0
0.406608,751.88,-2.1,1,0
0.496602,750.46,-2.1,1,0
0.610064,751.21,-2.15,1,0
0.70172,752.3,-2.1,1,0
0.795555,753.38,-2.1,1,0
0.897142,752.26,-2.15,1,0
0.99926,758.71,-2.1,1,0
1.099987,758.49,-2.1,1,0
1.192291,753.42,-2.1,1,0
1.301376,750.01,-2.1,1,0
1.392385,751.06,-2.1,1,0
1.491554,751.21,-2.1,1,0
1.593482,754.66,-2.15,1,0
1.693194,754.13,-2.1,1,0
1.793913,759.57,-2.1,1,0
1.903846,747.87,-2.1,1,0
2.00252,745.06,-2.1,1,0
2.099037,748.28,-2.1,1,0
2.191352,751.06,-2.15,1,0
2.291539,750.72,-2.1,1,0
2.390939,751.25,-2.1,1,0
2.492933,750.65,-2.1,1,0
2.605534,756.39,-2.1,1,0
2.702493,753.31,-2.1,1,0
2.798311,752.45,-2.1,1,0
2.899393,754.17,-2.1,1,0
2.993738,755.37,-2.1,1,0
3.101302,748.7,-2.15,1,0
3.191758,749.67,-2.1,1,0
3.292721,750.72,-2.1,1,0
3.393741,751.1,-2.15,1,0
3.495392,753.12,-2.1,1,0
3.608516,748.77,-2.1,1,0
3.692466,752.22,-2.1,1,0
3.807288,750.98,-2.15,1,0
3.901333,749.9,-2.1,1,0
3.992787,751.17,-2.1,1,0
4.103746,751.92,-2.1,1,0
4.191255,749.78,-2.1,1,0
4.302112,752.26,-2.1,1,0
4.401587,752.67,-2.1,1,0
4.492291,760.74,-2.15,1,0
4.602067,818.02,-2.1,1,0
4.704423,897.7,-2.1,1,0
4.802672,928.46,-2.15,1,0
4.902371,952.73,-2.1,1,0
5.001095,1211.83,-2.1,1,0
5.094161,1520.74,-2.1,1,0
5.193122,1789.71,-2.1,1,0
5.301951,2185.69,-2.1,1,0
5.403753,3206.04,-2.1,1,0
5.503375,5508.49,-2.1,1,0
5.60192,8385.53,-2.1,1,0
5.697416,8749.85,-2.1,1,0
5.795093,10901.88,-2.1,1,0
5.892654,15592.72,-2.15,1,0
6.00432,19758.77,-2.1,1,0
6.097211,22861.52,-2.1,1,0
6.200351,26352.63,-2.15,1,0
6.295687,34163.18,-2.15,1,0
6.394514,34689.0,-2.15,1,0
6.503837,36282.69,-2.15,1,0
6.61256,38412.43,-2.1,1,0
6.70088,39391.25,-2.15,1,0
6.792693,40596.46,-2.1,1,0
6.891591,43133.07,-2.15,1,0
6.995995,43297.56,-2.1,1,0
7.094371,44318.05,-2.15,1,0
7.196165,45016.84,-2.15,1,0
7.305753,45987.55,-2.1,1,0
7.403318,47083.41,-2.1,1,0
7.50339,47437.5,-2.15,1,0
7.598652,48115.91,-2.1,1,0
7.696034,48371.45,-2.1,1,0
7.798731,48680.37,-2.15,1,0
7.896333,48521.5,-2.15,1,0
7.997712,48481.66,-2.15,1,0
8.097624,48292.93,-2.15,1,0
8.197807,48429.41,-2.15,1,0
8.307303,48837.58,-2.15,1,0
8.401906,49199.28,-2.1,1,0
8.500896,49371.99,-2.1,1,0
8.595946,49619.5,-2.15,1,0
8.698023,49692.87,-2.15,1,0
8.800591,50315.02,-2.15,1,0
8.89602,50369.56,-2.1,1,0
8.996933,50546.7,-2.15,1,0
9.097079,50722.11,-2.1,1,0
9.195546,50586.57,-2.1,1,0
9.292131,50268.91,-2.2,1,0
9.40371,50053.59,-2.1,1,0
9.502829,49862.99,-2.15,1,0
9.597861,49727.95,-2.1,1,0
9.697433,49647.7,-2.1,1,0
9.79735,49597.36,-2.15,1,0
9.896018,49696.73,-2.15,1,0
9.999229,49795.02,-2.1,1,0
10.096518,49577.74,-2.15,1,0
10.192574,49345.16,-2.15,1,0
10.306514,49172.98,-2.15,1,0
10.401305,49334.51,-2.1,1,0
10.500203,49543.79,-2.15,1,0
10.59449,49724.12,-2.1,1,0
10.694317,50444.66,-2.1,1,0
10.796859,50545.35,-2.1,1,0
10.90132,50719.89,-2.15,1,0
10.993841,50841.88,-2.1,1,0
11.09897,50825.68,-2.1,1,0
11.200395,50741.65,-2.15,1,0
11.296276,50962.82,-2.1,1,0
11.393187,51264.99,-2.2,1,0
11.505132,51338.36,-2.05,1,0
11.5985,51381.2,-2.15,1,0
11.698524,51259.29,-2.1,1,0
11.797235,50899.43,-2.15,1,0
11.90137,50680.36,-2.1,1,0
12.003392,51410.8,-2.15,1,0
12.102732,51806.63,-2.1,1,0
12.19791,51931.48,-2.15,1,0
12.294193,51758.24,-2.1,1,0
12.392423,51630.62,-2.15,1,0
12.505095,51210.03,-2.1,1,0
12.59876,49845.66,-2.1,1,0
12.697925,49525.83,-2.1,1,0
12.797798,49269.91,-2.1,1,0
12.897528,49549.65,-2.1,1,0
12.998234,49859.02,-2.1,1,0
13.096087,50017.84,-2.1,1,0
13.196455,50371.51,-2.15,1,0
13.292218,50475.42,-2.1,1,0
13.404067,50357.11,-2.1,1,0
13.500906,50319.26,-2.1,1,0
13.596499,50372.34,-2.1,1,0
13.694924,50508.29,-2.1,1,0
13.793513,50559.45,-2.15,1,0
13.894737,50712.05,-2.1,1,0
13.994659,50699.48,-2.15,1,0
14.095993,50488.81,-2.1,1,0
14.196383,50450.36,-2.1,1,0
14.291721,50608.63,-2.15,1,0
14.402822,50951.61,-2.15,1,0
14.500698,51595.36,-2.1,1,0
14.595506,52250.11,-2.1,1,0
14.693869,51950.57,-2.15,1,0
14.792978,52166.23,-2.1,1,0
14.893917,52650.63,-2.15,1,0
14.995398,52809.54,-2.1,1,0
15.096621,52308.21,-2.1,1,0
15.194409,51844.04,-2.1,1,0
15.306905,51793.36,-2.1,1,0
15.391422,51800.14,-2.1,1,0
15.501775,51855.89,-2.1,1,0
15.595765,51710.08,-2.1,1,0
15.695368,51694.88,-2.15,1,0
15.798744,51872.13,-2.1,1,0
15.896127,51967.41,-2.1,1,0
15.994677,52108.54,-2.15,1,0
16.10056,52203.45,-2.1,1,0
16.19816,52158.13,-2.1,1,0
16.293389,52070.87,-2.1,1,0
16.40934,52035.16,-2.1,1,0
16.500033,52176.55,-2.15,1,0
16.597345,52094.39,-2.1,1,0
16.703557,52051.86,-2.1,1,0
16.799115,52126.84,-2.15,1,0
16.898713,52187.65,-2.15,1,0
16.998794,52247.3,-2.1,1,0
17.099612,52222.09,-2.1,1,0
17.199268,52278.02,-2.15,1,0
17.294693,52412.5,-2.1,1,0
17.394036,52496.53,-2.15,1,0
17.491635,52512.66,-2.1,1,0
17.591298,52535.05,-2.15,1,0
17.703292,52571.67,-2.1,1,0
17.791186,52562.78,-2.1,1,0
17.891452,52444.5,-2.1,1,0
17.993524,52449.15,-2.15,1,0
18.092684,52504.89,-2.1,1,0
18.206184,52533.78,-2.15,1,0
18.299871,52495.44,-2.1,1,0
18.399468,52495.52,-2.1,1,0
18.494958,52513.48,-2.1,1,0
18.595663,52542.33,-2.1,1,0
18.693688,52456.02,-2.15,1,0
18.795189,52447.09,-2.15,1,0
18.901122,52477.29,-2.15,1,0
18.996027,52423.72,-2.15,1,0
19.095033,52518.36,-2.1,1,0
19.207225,52560.27,-2.1,1,0
19.302966,52564.95,-2.1,1,0
19.399761,52620.62,-2.15,1,0
19.497496,52504.52,-2.15,1,0
19.595519,52610.79,-2.1,1,0
19.691547,52636.86,-2.1,1,0
19.796848,52614.92,-2.1,1,0
19.895833,52635.59,-2.15,1,0
19.996962,52651.68,-2.15,1,0
20.093834,52677.83,-2.15,1,0
20.204964,52706.04,-2.1,1,0
20.300293,53204.28,-2.15,1,0
20.400966,53586.5,-2.1,1,0
20.495752,53540.25,-2.1,1,0
20.593745,52737.02,-2.15,1,0
20.698033,51509.57,-2.1,1,0
20.795655,50603.83,-2.15,1,0
20.893551,50619.13,-2.15,1,0
20.993557,51076.19,-2.1,1,0
21.093144,51099.78,-2.1,1,0
21.203442,51022.36,-2.1,1,0
21.298485,51170.79,-2.1,1,0
21.399379,51592.18,-2.15,1,0
21.491376,51669.79,-2.1,1,0
21.592096,51519.74,-2.15,1,0
21.694101,51374.53,-2.15,1,0
21.795954,51279.17,-2.15,1,0
21.896784,51730.04,-2.15,1,0
21.999905,51363.76,-2.1,1,0
22.097421,50971.45,-2.15,1,0
22.205377,51179.39,-2.15,1,0
22.29814,51405.4,-2.1,1,0
22.40698,51425.84,-2.3,1,0
22.49667,51329.29,-2.0,1,0
22.59778,51553.95,-2.15,1,0
22.691479,51693.46,-2.1,1,0
22.798503,51287.38,-2.15,1,0
22.90147,51409.52,-2.1,1,0
22.991105,51526.9,-2.1,1,0
23.097978,51640.57,-2.15,1,0
23.193656,51715.93,-2.1,1,0
23.301668,51723.96,-2.2,1,0
23.39339,51578.45,-2.1,1,0
23.505717,51519.55,-2.15,1,0
23.59813,51486.73,-2.1,1,0
23.697856,51497.83,-2.2,1,0
23.794112,51330.67,-2.1,1,0
23.893426,51220.99,-2.15,1,0
24.002929,51339.34,-2.1,1,0
24.091682,51527.02,-2.1,1,0
24.194741,51592.44,-2.15,1,0
24.299391,51606.13,-2.1,1,0
24.393141,51546.48,-2.15,1,0
24.503617,51572.82,-2.1,1,0
24.603945,51539.81,-2.15,1,0
24.701578,51586.59,-2.1,1,0
24.795464,51620.54,-2.1,1,0
24.8946,51557.36,-2.15,1,0
25.001062,51513.62,-2.15,1,0
25.096178,51521.31,-2.1,1,0
25.195857,51333.71,-2.1,1,0
25.296312,51423.52,-2.15,1,0
25.394722,51386.83,-2.1,1,0
25.507511,51374.11,-2.15,1,0
25.604434,51451.61,-2.15,1,0
25.70386,51457.65,-2.1,1,0
25.797938,51554.21,-2.15,1,0
25.892355,51653.39,-2.15,1,0
25.998581,51649.87,-2.9,1,0
26.09868,51696.16,-5.75,1,0
26.197327,51698.86,-917.2,1,1
26.298444,51644.54,-696.75,0,1
26.396671,51626.2,-576.7,0,1
26.491419,51538.2,-540.65,0,1
26.604591,51536.8,-531.95,0,1
26.700822,51557.77,-451.2,0,1
26.797504,51435.11,-403.25,0,1
26.896107,51507.81,-453.0,0,1
26.99517,51563.25,-444.45,0,1
27.100286,51569.7,-535.75,0,1
27.198354,51632.8,-454.95,0,1
27.297258,51605.3,-502.8,0,1
27.395693,51600.43,-421.55,0,1
27.49132,51602.23,-376.15,0,1
27.592218,51506.08,-402.2,0,1
27.703311,51432.71,-406.75,0,1
27.797554,51454.91,-454.35,0,1
27.895278,51485.82,-501.1,0,1
27.997894,51477.91,-493.7,0,1
28.09565,51459.87,-492.45,0,1
28.195813,51428.32,-475.95,0,1
28.298252,51425.8,-450.15,0,1
28.393123,51406.41,-442.6,0,1
28.491315,51401.05,-503.25,0,1
28.604001,51408.96,-447.2,0,1
28.70246,51486.5,-485.25,0,1
28.795055,51572.93,-470.5,0,1
28.89908,51565.62,-479.5,0,1
28.996722,51517.04,-491.05,0,1
29.098484,51551.32,-479.0,0,1
29.196909,51607.37,-470.3,0,1
29.298708,51491.12,-465.55,0,1
29.396092,51509.61,-475.6,0,1
29.496993,51356.93,-388.2,0,1
29.595235,51233.14,-388.7,0,1
29.704932,51218.51,-447.75,0,1
29.800058,51452.89,-493.5,0,1
29.896193,51862.08,-493.35,0,1
30.00193,52353.72,-501.2,0,1
30.091052,52829.16,-461.85,0,1
30.203027,52965.03,-449.5,0,1
30.302657,52931.08,-453.5,0,1
30.39571,52986.59,-453.7,0,1
30.493339,53085.89,-463.0,0,1
30.595188,53158.48,-487.5,0,1
30.699265,53074.41,-498.55,0,1
30.800662,53134.06,-475.3,0,1
30.903497,53220.75,-499.05,0,1
31.000376,53193.55,-503.25,0,1
31.092072,53022.46,-470.0,0,1
31.194743,52920.12,-455.5,0,1
31.293615,52851.14,-491.4,0,1
31.397275,52889.14,-450.3,0,1
31.494373,52976.47,-509.0,0,1
31.596535,53048.75,-529.45,0,1
31.695325,53132.22,-461.2,0,1
31.791777,53054.3,-476.65,0,1
31.902714,53184.7,-478.35,0,1
32.002279,53262.8,-474.05,0,1
32.101025,53295.14,-488.75,0,1
32.198253,53310.89,-423.0,0,1
32.300639,53118.94,-465.95,0,1
32.397767,53082.78,-490.8,0,1
32.497915,53100.52,-465.3,0,1
32.603778,53017.62,-471.0,0,1
32.698869,52960.71,-473.4,0,1
32.793688,53078.69,-465.5,0,1
32.903375,53103.9,-469.4,0,1
33.00856,53185.37,-513.85,0,1
33.091614,53184.25,-480.0,0,1
33.200686,53129.78,-486.9,0,1
33.296517,53166.8,-487.6,0,1
33.391475,53193.03,-501.35,0,1
33.494239,53177.54,-501.15,0,1
33.591431,53031.2,-485.3,0,1
33.691734,53040.58,-470.25,0,1
33.79963,53077.75,-486.65,0,1
33.899555,53141.22,-502.4,0,1
33.996499,53116.28,-485.1,0,1
34.099138,53105.92,-458.1,0,1
34.19487,53069.39,-476.0,0,1
34.293336,52939.89,-479.25,0,1
34.394651,52898.33,-502.6,0,1
34.501904,52962.14,-484.5,0,1
34.594303,52969.6,-478.75,0,1
34.695288,52969.71,-482.05,0,1
34.794248,53045.75,-492.4,0,1
34.902642,52974.74,-518.35,0,1
34.999482,53006.29,-490.15,0,1
35.09938,52875.45,-521.0,0,1
35.201881,52970.24,-499.95,0,1
35.297422,53061.36,-499.15,0,1
35.400403,53096.32,-555.6,0,1
35.500439,53128.32,-474.0,0,1
35.596224,53142.57,-442.6,0,1
35.695229,53235.57,-463.05,0,1
35.795332,53282.05,-509.75,0,1
35.891119,53260.62,-465.45,0,1
35.992522,53159.0,-471.45,0,1
36.099792,53193.52,-520.7,0,1
36.19582,53220.52,-431.65,0,1
36.30604,53273.53,-486.75,0,1
36.399479,53283.88,-507.0,0,1
36.498988,53312.21,-506.4,0,1
36.594658,53371.74,-511.65,0,1
36.695325,53405.91,-462.0,0,1
36.79856,53289.4,-476.35,0,1
36.892859,53293.9,-477.25,0,1
36.997193,53306.09,-510.65,0,1
37.094803,53308.53,-504.25,0,1
37.194581,53304.25,-508.7,0,1
37.303681,53282.08,-458.8,0,1
37.393688,53339.21,-481.8,0,1
37.51302,53370.5,-490.1,0,1
37.595294,53234.33,-479.85,0,1
37.693204,53245.88,-482.65,0,1
37.791223,53186.16,-450.1,0,1
37.894889,53202.74,-526.95,0,1
37.992131,53168.53,-494.05,0,1
38.102808,53157.69,-512.7,0,1
38.198624,53180.95,-524.6,0,1
38.306614,53120.63,-448.15,0,1
38.401159,52971.7,-472.7,0,1
38.499997,52994.96,-492.75,0,1
38.596979,53058.36,-451.5,0,1
38.69545,53191.53,-480.25,0,1
38.794902,53255.0,-472.85,0,1
38.895081,53213.36,-468.55,0,1
38.996413,53181.4,-466.85,0,1
39.103398,53179.79,-531.75,0,1
39.198013,53127.72,-450.75,0,1
39.293225,53219.62,-482.05,0,1
39.391615,53270.34,-510.55,0,1
39.502528,53326.91,-445.3,0,1
39.59604,53384.83,-460.75,0,1
39.694257,53346.23,-471.2,0,1
39.796744,53389.26,-482.7,0,1
39.89793,53259.69,-519.95,0,1
39.991937,53279.91,-458.0,0,1
40.100033,53270.98,-502.3,0,1
40.199298,53272.89,-497.35,0,1
40.293909,53275.59,-411.95,0,1
40.394034,53271.54,-517.35,0,1
40.502831,53263.03,-488.7,0,1
40.595486,53323.01,-482.35,0,1
40.697169,53314.57,-465.8,0,1
40.801585,53226.27,-512.15,0,1
40.900163,53233.36,-486.5,0,1
41.000962,53259.84,-504.0,0,1
41.101109,53167.07,-494.4,0,1
41.198447,53083.71,-441.3,0,1
41.303143,53049.88,-464.35,0,1
41.407042,53135.07,-463.95,0,1
41.500393,53079.29,-487.1,0,1
41.593349,52948.78,-472.25,0,1
41.693325,53015.14,-465.1,0,1
41.795251,53077.27,-486.25,0,1
41.895078,53152.93,-522.65,0,1
41.998227,53173.22,-493.35,0,1
42.093051,53202.26,-541.8,0,1
42.194572,53245.39,-505.0,0,1
42.294498,53174.16,-458.85,0,1
42.402966,53149.62,-477.55,0,1
42.496609,53216.1,-476.2,0,1
42.597627,53252.0,-501.0,0,1
42.698244,53278.11,-465.6,0,1
42.797109,53283.06,-456.0,0,1
42.901704,53336.74,-517.1,0,1
43.00565,53338.84,-492.5,0,1
43.097283,53245.85,-470.75,0,1
43.19341,53190.44,-456.75,0,1
43.293285,53218.27,-512.05,0,1
43.403153,53224.84,-545.95,0,1
43.49815,53229.45,-486.65,0,1
43.59741,53263.29,-495.95,0,1
43.701544,53307.7,-456.7,0,1
43.797656,53334.53,-510.45,0,1
43.901132,53285.68,-513.35,0,1
44.000706,53199.44,-477.6,0,1
44.100573,53180.76,-493.65,0,1
44.195457,53134.28,-512.15,0,1
44.294266,53128.28,-485.9,0,1
44.406594,53025.64,-488.8,0,1
44.502388,52977.78,-475.0,0,1
44.593808,52976.32,-455.1,0,1
44.6923,52992.56,-505.05,0,1
44.795554,52944.92,-457.1,0,1
44.891958,52974.25,-465.45,0,1
45.003122,52995.64,-502.1,0,1
45.103567,52920.12,-512.8,0,1
45.197931,52988.1,-487.7,0,1
45.298569,52995.19,-468.4,0,1
45.39237,52995.97,-470.55,0,1
45.491669,53065.82,-456.05,0,1
45.591055,52967.2,-499.1,0,1
45.70169,53075.2,-523.85,0,1
45.792953,53131.96,-510.35,0,1
45.9034,53198.39,-493.85,0,1
46.003219,53197.53,-512.2,0,1
46.103498,53148.69,-536.9,0,1
46.200035,53217.11,-520.75,0,1
46.299646,53320.91,-458.95,0,1
46.393532,53279.76,-497.2,0,1
46.493316,53289.89,-445.65,0,1
46.593662,53243.97,-478.4,0,1
46.6968,53286.06,-472.5,0,1
46.795241,53312.17,-521.15,0,1
46.894707,53258.9,-483.45,0,1
46.994282,53243.07,-501.7,0,1
47.092467,53290.9,-519.65,0,1
47.20237,53263.89,-475.3,0,1
47.30087,53122.62,-521.7,0,1
47.395611,53187.74,-478.2,0,1
47.49291,53172.13,-461.95,0,1
47.598213,53177.42,-501.15,0,1
47.695912,53087.69,-440.55,0,1
47.801516,53097.56,-487.1,0,1
47.898084,53037.76,-442.6,0,1
47.994043,52986.14,-485.8,0,1
48.091488,52892.18,-499.1,0,1
48.203265,52912.06,-470.85,0,1
48.312286,52943.46,-465.9,0,1
48.393936,53014.2,-472.2,0,1
48.495325,53103.48,-533.85,0,1
48.595483,53223.56,-479.1,0,1
48.695012,53239.17,-517.25,0,1
48.794665,53115.6,-510.25,0,1
48.897235,53115.0,-456.35,0,1
48.996409,53103.26,-498.0,0,1
49.091091,53134.7,-483.85,0,1
49.204171,53133.38,-504.55,0,1
49.30124,53126.37,-501.5,0,1
49.395359,53148.12,-452.3,0,1
49.49502,53246.41,-527.4,0,1
49.595146,53186.24,-479.7,0,1
49.695525,53186.76,-498.2,0,1
49.79562,53204.28,-492.6,0,1
49.897908,53187.85,-454.4,0,1
49.998759,53198.99,-480.65,0,1
50.093161,53240.86,-474.2,0,1
50.191588,53236.69,-488.65,0,1
50.302225,53206.23,-484.3,0,1
50.400402,53145.12,-493.05,0,1
50.494843,52982.96,-442.65,0,1
50.600815,53043.5,-464.55,0,1
50.701509,52995.07,-491.3,0,1
50.798717,52981.72,-500.2,0,1
50.898265,52945.45,-485.5,0,1
50.999694,52885.84,-496.5,0,1
51.095558,52965.36,-481.15,0,1
51.193503,52995.75,-442.8,0,1
51.291068,52899.61,-484.3,0,1
51.397774,53030.07,-458.75,0,1
51.49815,53084.28,-477.35,0,1
51.599437,53100.67,-429.8,0,1
51.699695,53075.76,-505.0,0,1
51.795056,53035.66,-474.6,0,1
51.898171,53012.33,-538.5,0,1
51.996475,53006.36,-534.0,0,1
52.091401,53063.05,-442.7,0,1
52.204835,53063.95,-524.05,0,1
52.299826,53168.27,-474.45,0,1
52.393467,53221.84,-514.05,0,1
52.493731,53281.48,-492.75,0,1
52.596328,53293.37,-484.6,0,1
52.694681,53256.35,-445.6,0,1
52.790831,53264.11,-553.05,0,1
52.89673,53188.53,-489.65,0,1
52.998719,53153.71,-508.1,0,1
53.09153,53139.8,-495.75,0,1
53.193132,53124.16,-483.8,0,1
53.303965,53179.07,-505.1,0,1
53.400645,53198.54,-495.8,0,1
53.496203,53228.4,-464.65,0,1
53.597985,53195.62,-436.1,0,1
53.697519,53175.59,-498.95,0,1
53.796954,53020.66,-501.55,0,1
53.898555,52953.66,-458.25,0,1
53.999017,52976.17,-498.95,0,1
54.093311,52952.42,-498.15,0,1
54.190961,52972.53,-447.05,0,1
54.301275,52937.49,-524.9,0,1
54.396691,52943.23,-490.55,0,1
54.493659,52851.77,-500.65,0,1
54.595752,52873.83,-469.6,0,1
54.694062,52929.46,-508.7,0,1
54.794221,53001.26,-479.4,0,1
54.89409,53034.95,-518.8,0,1
54.991234,53096.06,-446.65,0,1
55.090738,53111.29,-476.9,0,1
55.202492,53104.8,-506.15,0,1
55.300358,53113.01,-539.35,0,1
55.393477,52977.93,-484.1,0,1
55.493964,52983.89,-559.7,0,1
55.594915,52964.57,-469.75,0,1
55.6965,53041.1,-504.6,0,1
55.797255,53083.49,-472.5,0,1
55.89821,53102.51,-528.75,0,1
55.994784,53080.49,-563.55,0,1
56.105163,53087.92,-507.9,0,1
56.202566,53127.49,-484.65,0,1
56.300561,53022.2,-524.8,0,1
56.395222,52955.57,-472.35,0,1
56.493339,52964.54,-470.55,0,1
56.594013,53003.74,-478.3,0,1
56.695396,52957.45,-458.65,0,1
56.795882,52923.8,-486.6,0,1
56.893257,52833.62,-488.1,0,1
56.994316,52893.56,-519.7,0,1
57.091718,52852.79,-500.1,0,1
57.200047,52853.01,-469.0,0,1
57.298504,52838.76,-472.85,0,1
57.390225,52781.06,-499.7,0,1
57.49232,52836.55,-524.65,0,1
57.591729,52861.53,-519.8,0,1
57.693706,52839.51,-507.8,0,1
57.790863,52758.29,-493.45,0,1
57.894654,52855.3,-534.45,0,1
57.99908,52940.08,-436.4,0,1
58.091343,52976.47,-488.15,0,1
58.20125,52973.32,-463.15,0,1
58.299141,53071.34,-479.6,0,1
58.394741,53167.26,-504.25,0,1
58.49733,53094.82,-476.55,0,1
58.59158,53064.25,-493.8,0,1
58.701839,52930.18,-485.75,0,1
58.792167,52904.67,-454.4,0,1
58.893603,52969.11,-490.6,0,1
59.00126,53037.35,-477.0,0,1
59.10018,53065.48,-533.4,0,1
59.196744,53014.43,-528.7,0,1
59.295956,53072.61,-528.65,0,1
59.39077,53123.03,-517.1,0,1
59.50054,53102.47,-485.55,0,1
59.601135,52985.7,-526.05,0,1
59.689805,52915.43,-453.85,0,1
59.793532,52912.92,-493.1,0,1
59.893364,52887.34,-447.3,0,1
59.992894,52865.92,-513.8,0,1
60.105069,52823.34,-456.1,0,1
60.203229,52768.84,-520.35,0,1
60.298608,52808.71,-500.35,0,1
60.393244,52829.08,-503.3,0,1
60.496388,52880.96,-514.25,0,1
60.591456,52888.84,-465.95,0,1
60.697911,52901.37,-444.45,0,1
60.793454,52912.21,-460.45,0,1
60.897967,52942.67,-445.55,0,1
60.995586,52939.93,-496.85,0,1
61.105965,52958.5,-500.8,0,1
61.191853,52870.53,-457.1,0,1
61.298735,53015.14,-428.7,0,1
61.396183,53067.47,-447.15,0,1
61.492779,53086.94,-466.75,0,1
61.592536,53083.15,-503.9,0,1
61.692603,53067.89,-537.05,0,1
61.798382,53041.78,-449.25,0,1
61.896873,53057.87,-506.95,0,1
61.992776,53056.75,-498.1,0,1
62.101242,52987.64,-531.15,0,1
62.199895,52913.3,-485.9,0,1
62.296107,52946.27,-487.2,0,1
62.390591,53017.51,-424.3,0,1
62.499871,53069.87,-467.95,0,1
62.599096,53018.33,-451.2,0,1
62.691586,53002.65,-447.45,0,1
62.79132,52950.02,-431.8,0,1
62.891018,52818.73,-485.1,0,1
63.001603,52686.57,-479.1,0,1
63.100227,52664.66,-459.9,0,1
63.20176,52739.73,-479.15,0,1
63.29903,52749.93,-477.35,0,1
63.391975,52802.89,-464.4,0,1
63.493829,52835.61,-511.3,0,1
63.603176,52866.18,-446.25,0,1
63.699632,52831.63,-467.0,0,1
63.79981,52735.3,-483.6,0,1
63.896003,52797.12,-462.35,0,1
64.000722,52776.3,-488.8,0,1
64.101602,52896.6,-461.8,0,1
64.19942,52920.98,-484.55,0,1
64.294652,52875.22,-494.45,0,1
64.405169,52947.21,-474.8,0,1
64.501175,52933.7,-470.3,0,1
64.601609,53010.27,-462.5,0,1
64.702539,52944.84,-465.8,0,1
64.797079,52935.13,-486.55,0,1
64.889764,52937.3,-497.35,0,1
65.001063,52959.29,-519.75,0,1
65.089793,53161.7,-465.55,0,1
65.200229,53506.79,-476.7,0,1
65.299784,52955.2,-441.75,0,1
65.401788,52219.12,-501.8,0,1
65.49093,51468.61,-510.15,0,1
65.601382,50881.61,-519.35,0,1
65.695853,50661.79,-457.35,0,1
65.794119,50798.07,-490.25,0,1
65.906675,51176.2,-458.65,0,1
65.993875,51449.7,-454.9,0,1
66.090543,51441.75,-490.95,0,1
66.200243,51412.23,-475.35,0,1
66.292815,51482.04,-472.95,0,1
66.392527,51442.72,-453.25,0,1
66.496096,51437.47,-445.1,0,1
66.60269,51317.36,-455.3,0,1
66.697012,51435.41,-511.0,0,1
66.794074,51516.85,-478.0,0,1
66.906287,51605.87,-474.1,0,1
67.001187,51735.4,-552.6,0,1
67.100637,51702.95,-523.65,0,1
67.190275,51388.67,-448.2,0,1
67.300741,51256.73,-480.2,0,1
67.393443,51309.78,-488.7,0,1
67.491673,51341.44,-488.55,0,1
67.600283,51496.07,-489.8,0,1
67.695434,51457.54,-445.45,0,1
67.793886,51341.44,-462.3,0,1
67.905724,51311.69,-499.5,0,1
68.000994,51309.74,-504.25,0,1
68.101481,51153.01,-491.5,0,1
68.200784,51238.54,-471.75,0,1
68.301737,51231.83,-516.45,0,1
68.399578,51129.19,-459.05,0,1
68.500478,50859.55,-467.6,0,1
68.599581,50921.41,-482.9,0,1
68.697322,50886.45,-480.85,0,1
68.793992,50844.96,-455.45,0,1
68.903603,50753.36,-516.05,0,1
68.997257,50851.82,-500.15,0,1
69.095632,50913.38,-476.9,0,1
69.195175,50851.07,-462.25,0,1
69.294774,50997.75,-458.55,0,1
69.39328,51062.38,-488.35,0,1
69.492797,51073.79,-525.6,0,1
69.592746,51055.59,-450.1,0,1
69.703564,51126.34,-455.95,0,1
69.79805,51014.86,-456.7,0,1
69.894958,51044.37,-481.1,0,1
70.00685,51121.2,-461.1,0,1
70.090374,51151.62,-460.2,0,1
70.189904,51187.15,-464.1,0,1
70.300136,51267.32,-464.5,0,1
70.401195,51200.47,-454.9,0,1
70.491662,51172.3,-471.55,0,1
70.597362,51045.95,-456.2,0,1
70.696139,51011.37,-162.35,1,1
70.794167,51022.92,-475.15,0,1
70.891801,50928.5,-480.55,0,1
71.004019,50916.76,-469.7,0,1
71.099629,50940.39,-414.5,0,1
71.197923,51028.29,-493.65,0,1
71.296871,51075.29,-490.2,0,1
71.400471,51142.89,-547.1,0,1
71.50188,51120.71,-506.3,0,1
71.60252,50970.82,-523.8,0,1
71.703519,50821.62,-512.65,0,1
71.794932,50779.73,-567.85,0,1
71.895145,50787.49,-558.6,0,1
72.005498,50838.62,-542.0,0,1
72.101656,50857.23,-555.6,0,1
72.20223,50931.91,-574.85,0,1
72.290861,51041.9,-587.05,0,1
72.390957,51026.3,-606.15,0,1
72.490708,51126.75,-526.05,0,1
72.591105,51214.87,-524.5,0,1
72.699288,51336.53,-543.35,0,1
72.797441,51339.19,-598.9,0,1
72.903617,51208.2,-503.95,0,1
72.992079,51115.35,-510.85,0,1
73.09777,50976.59,-422.35,0,1
73.191012,50952.1,613.3,0,1
73.297078,50962.0,-400.55,0,1
73.399511,50902.88,-897.2,0,1
73.49739,51035.6,-813.3,0,1
73.598746,51032.22,-649.9,1,1
73.693646,51014.29,-9.25,1,0
73.804488,51053.94,-2.05,1,0
73.903753,51051.58,-1.7,1,0
73.997413,51040.59,-1.65,1,0
74.094949,50983.46,-1.55,1,0
74.193079,50808.09,-1.45,1,0
74.295266,50805.16,-1.8,1,0
74.398425,50793.0,-1.45,1,0
74.50074,50821.44,-1.25,1,0
74.594098,50844.96,-1.15,1,0
74.692684,50864.32,-1.15,1,0
74.790452,51009.49,-1.3,1,0
74.903242,50936.12,-1.35,1,0
74.997816,50767.87,-1.5,1,0
75.098339,50332.57,-1.55,1,0
75.192541,50351.33,-1.6,1,0
75.291339,50554.61,-1.6,1,0
75.394813,50824.89,-1.65,1,0
75.494115,51662.51,-1.7,1,0
75.591399,51807.8,-1.75,1,0
75.698518,51953.35,-1.8,1,0
75.791975,52049.12,-1.8,1,0
75.904797,52049.3,-1.85,1,0
75.999267,51918.54,-1.9,1,0
76.098146,51948.47,-1.9,1,0
76.193702,52058.08,-1.8,1,0
76.293174,52126.73,-1.85,1,0
76.396069,52155.73,-1.9,1,0
76.493119,53011.39,-1.9,1,0
76.590662,52950.06,-1.95,1,0
76.693373,52403.2,-1.95,1,0
76.794251,52098.56,-2.0,1,0
76.902014,52024.96,-2.05,1,0
76.99836,52017.75,-2.05,1,0
77.096784,52178.35,-2.1,1,0
77.193143,52382.3,-2.0,1,0
77.289753,52409.95,-2.0,1,0
77.393405,52175.84,-2.05,1,0
77.4921,52210.61,-2.1,1,0
77.594002,52253.41,-2.1,1,0
77.694759,52325.1,-2.05,1,0
77.792749,52538.28,-2.05,1,0
77.904628,52671.19,-2.05,1,0
78.001512,52786.77,-2.05,1,0
78.097574,52727.72,-2.05,1,0
78.192087,52713.46,-2.05,1,0
78.292928,52721.98,-2.05,1,0
78.390627,52694.67,-2.05,1,0
78.490911,52649.58,-2.05,1,0
78.590534,52546.61,-2.05,1,0
78.709572,52484.86,-2.1,1,0
78.799573,52510.11,-2.1,1,0
78.89317,52603.78,-2.05,1,0
79.005186,52684.62,-2.1,1,0
79.101617,52710.5,-2.05,1,0
79.198713,52653.52,-2.1,1,0
79.293618,52626.02,-2.05,1,0
79.393807,52582.06,-2.05,1,0
79.493934,52556.7,-2.05,1,0
79.595463,52511.68,-2.05,1,0
79.694707,52356.42,-2.05,1,0
79.797497,52374.84,-2.05,1,0
79.894556,52505.91,-2.05,1,0
79.991232,52544.58,-2.05,1,0
80.103687,52537.08,-2.05,1,0
80.199968,52485.31,-2.05,1,0
80.296755,52415.95,-2.05,1,0
80.397129,52543.95,-2.1,1,0
80.490293,52472.93,-2.1,1,0
80.597364,52391.64,-2.1,1,0
80.696594,52470.2,-2.05,1,0
80.797707,52545.9,-2.1,1,0
80.895928,52592.86,-2.05,1,0
80.993073,52640.77,-2.05,1,0
81.092759,52564.54,-2.1,1,0
81.203339,52611.62,-2.1,1,0
81.290351,52610.27,-2.1,1,0
81.400326,52670.4,-2.1,1,0
81.500071,52726.14,-2.05,1,0
81.590687,52721.01,-2.1,1,0
81.700078,52745.02,-2.1,1,0
81.803065,52705.18,-2.1,1,0
81.897691,52782.27,-2.1,1,0
81.994871,52652.09,-2.1,1,0
82.103623,52599.28,-2.05,1,0
82.190746,52581.64,-2.1,1,0
82.29223,52580.97,-2.1,1,0
82.392828,52660.5,-2.1,1,0
82.499495,52616.23,-2.1,1,0
82.602901,52626.06,-2.05,1,0
82.698986,52601.83,-2.05,1,0
82.800863,52489.14,-2.05,1,0
82.890244,52441.99,-2.1,1,0
83.008321,52516.45,-2.1,1,0
83.103187,52496.23,-2.1,1,0
83.196877,52492.89,-2.05,1,0
83.293971,52487.71,-2.1,1,0
83.39282,52548.37,-2.1,1,0
83.499413,52568.82,-2.1,1,0
83.591933,52561.2,-2.1,1,0
83.704104,52546.46,-2.1,1,0
83.801543,52606.29,-2.1,1,0
83.897121,52727.27,-2.1,1,0
83.999849,52748.09,-2.05,1,0
84.096493,52699.17,-2.1,1,0
84.202249,52698.12,-2.1,1,0
84.292246,52681.8,-2.1,1,0
84.394601,52653.56,-2.05,1,0
84.49367,52566.04,-2.1,1,0
84.605678,52563.11,-2.1,1,0
84.70031,52564.35,-2.05,1,0
84.797997,52634.43,-2.1,1,0
84.893087,52650.78,-2.1,1,0
84.993408,52681.24,-2.1,1,0
85.092833,52648.12,-2.1,1,0
85.198376,52544.51,-2.05,1,0
85.294966,52545.82,-2.05,1,0
85.394382,52421.32,-2.1,1,0
85.501829,52384.07,-2.1,1,0
85.599169,52351.73,-2.1,1,0
85.695532,52388.23,-2.05,1,0
85.792635,52454.52,-2.1,1,0
85.903687,52430.17,-2.1,1,0
86.004412,52370.04,-2.1,1,0
86.099201,52407.93,-2.1,1,0
86.197327,52236.12,-2.1,1,0
86.289239,52276.93,-2.1,1,0
86.392637,52318.64,-2.1,1,0
86.495468,52350.3,-2.1,1,0
86.602697,52405.34,-2.1,1,0
86.700155,52414.98,-2.1,1,0
86.795711,52458.91,-2.1,1,0
86.894004,52461.27,-2.1,1,0
87.006092,52400.09,-2.1,1,0
87.090659,52425.18,-2.1,1,0
87.190637,52398.7,-2.05,1,0
87.29969,52430.13,-2.1,1,0
87.391179,52470.72,-2.1,1,0
87.492783,52527.55,-2.1,1,0
87.590203,52568.29,-2.1,1,0
87.700089,52520.95,-2.1,1,0
87.79697,52454.89,-2.1,1,0
87.895246,52352.55,-2.1,1,0
87.990815,52377.05,-2.1,1,0
88.093722,52389.84,-2.05,1,0
88.189328,52340.63,-2.1,1,0
88.292132,52322.17,-2.1,1,0
88.393025,52321.76,-2.1,1,0
88.497331,52322.81,-2.1,1,0
88.591716,52368.76,-2.1,1,0
88.704283,52380.88,-2.1,1,0
88.797787,52298.76,-2.1,1,0
88.897129,52256.04,-2.05,1,0
88.993923,52296.32,-2.1,1,0
89.092646,52355.03,-2.1,1,0
89.194822,52399.97,-2.1,1,0
89.296116,52434.56,-2.1,1,0
89.395581,52460.97,-2.1,1,0
89.49746,52503.28,-2.05,1,0
89.598084,52493.64,-2.1,1,0
89.691479,52546.68,-2.1,1,0
89.791466,52552.65,-2.1,1,0
89.903214,52579.66,-2.1,1,0
90.00061,52526.58,-2.1,1,0
90.096839,52493.68,-2.1,1,0
90.193073,52478.75,-2.1,1,0
90.300337,52526.24,-2.1,1,0
90.391013,52558.87,-2.1,1,0
90.498099,52505.83,-2.1,1,0
90.595502,52494.17,-2.1,1,0
90.690706,52444.99,-2.1,1,0
90.789587,52429.23,-2.1,1,0
90.900256,52502.53,-2.1,1,0
90.995595,52461.75,-2.1,1,0
91.094668,52401.55,-2.1,1,0
91.199635,52424.28,-2.1,1,0
91.299892,52421.5,-2.1,1,0
91.400912,52307.8,-2.1,1,0
91.497253,52344.42,-2.05,1,0
91.595973,52290.51,-2.1,1,0
91.693743,52352.59,-2.1,1,0
91.806125,52420.61,-2.1,1,0
91.889374,52490.64,-2.1,1,0
92.000599,52570.47,-2.1,1,0
92.096744,52508.98,-2.1,1,0
92.195003,52521.14,-2.1,1,0
92.294711,52581.27,-2.1,1,0
92.389016,52572.08,-2.1,1,0
92.498551,52617.32,-2.1,1,0
92.595826,52779.07,-2.1,1,0
92.693044,52971.07,-2.1,1,0
92.805807,52801.58,-2.05,1,0
92.900648,52538.62,-2.1,1,0
92.998925,52287.43,-2.1,1,0
93.10876,51986.28,-2.1,1,0
93.194698,51466.73,-2.1,1,0
93.299428,51155.86,-2.1,1,0
93.395776,50966.87,-2.1,1,0
93.495452,50918.52,-2.1,1,0
93.599435,50636.35,-2.1,1,0
93.694385,50748.4,-2.1,1,0
93.789625,50881.31,-2.1,1,0
93.890062,49886.92,-2.1,1,0
94.001149,49103.39,-2.1,1,0
94.096741,48262.62,-2.1,1,0
94.196971,47477.0,-2.1,1,0
94.295486,46785.15,-2.1,1,0
94.394861,46016.07,-2.1,1,0
94.494186,44666.73,-2.1,1,0
94.600383,44721.95,-2.1,1,0
94.698987,44665.01,-2.1,1,0
94.791337,44690.59,-2.1,1,0
94.902058,44196.85,-2.1,1,0
94.999361,43827.24,-2.1,1,0
95.097281,43184.76,-2.1,1,0
95.196435,42112.54,-2.1,1,0
95.295446,41442.56,-2.1,1,0
95.394375,41393.38,-2.1,1,0
95.489712,41492.98,-2.1,1,0
95.595616,41467.54,-2.1,1,0
95.693951,41410.45,-2.1,1,0
95.80623,41395.86,-2.1,1,0
95.89788,41232.34,-2.1,1,0
95.996046,41625.09,-2.1,1,0
96.091076,42567.07,-2.1,1,0
96.196859,43362.79,-2.1,1,0
96.296061,44060.0,-2.1,1,0
96.397132,45316.15,-2.1,1,0
96.491064,46023.46,-2.1,1,0
96.600947,46405.18,-2.1,1,0
96.692499,47114.62,-2.1,1,0
96.794437,47932.59,-2.1,1,0
96.900296,48242.89,-2.1,1,0
96.99864,48305.02,-2.1,1,0
97.097587,48379.52,-2.1,1,0
97.198257,48483.12,-2.1,1,0
97.310287,48611.38,-2.1,1,0
97.400345,48736.86,-2.1,1,0
97.491741,48817.93,-2.1,1,0
97.590717,49008.94,-2.1,1,0
97.692557,49025.0,-2.1,1,0
97.791874,49015.09,-2.1,1,0
97.903334,49058.12,-2.1,1,0
97.999975,48941.75,-2.1,1,0
98.092273,48859.15,-2.1,1,0
98.193242,48779.74,-2.1,1,0
98.297563,48614.38,-2.1,1,0
98.396309,48574.43,-2.1,1,0
98.492247,48560.89,-2.1,1,0
98.592862,48638.43,-2.1,1,0
98.695991,48653.13,-2.1,1,0
98.800113,48675.64,-2.1,1,0
98.900409,48571.8,-2.1,1,0
